	A	R	N	D	C	E	Q	G	H	I	L	K	M	F	P	S	T	W	Y	V
A =>	 38.88	0	0	0	0	0	0	0	16.66	0	0	11.11	0	0	0	0	0	0	0	0	
R =>	 0	0	0	0	0	0	0	0	0	0	0	0	0	0	0	0	0	0	0	0	
N =>	 0	0	0	0	0	0	0	0	0	0	0	0	0	0	0	0	0	0	0	0	
D =>	 0	0	0	0	0	0	0	0	0	0	0	0	0	0	0	0	0	0	0	0	
C =>	 0	0	0	0	0	0	0	0	0	0	0	0	0	0	0	0	0	0	0	0	
E =>	 0	0	0	0	0	0	0	0	0	0	0	0	0	0	0	0	0	0	0	0	
Q =>	 0	0	0	0	0	0	0	0	0	0	0	0	0	0	0	0	0	0	0	0	
G =>	 0	0	0	0	0	0	0	0	0	0	0	0	0	0	0	0	0	0	0	0	
H =>	 16.66	0	0	0	0	0	0	0	0	0	0	0	0	0	0	0	0	0	0	0	
I =>	 0	0	0	0	0	0	0	0	0	0	0	0	0	0	0	0	0	0	0	0	
L =>	 0	0	0	0	0	0	0	0	0	0	0	0	0	0	0	0	0	0	0	0	
K =>	 11.11	0	0	0	0	0	0	0	0	0	0	5.555	0	0	0	0	0	0	0	0	
M =>	 0	0	0	0	0	0	0	0	0	0	0	0	0	0	0	0	0	0	0	0	
F =>	 0	0	0	0	0	0	0	0	0	0	0	0	0	0	0	0	0	0	0	0	
P =>	 0	0	0	0	0	0	0	0	0	0	0	0	0	0	0	0	0	0	0	0	
S =>	 0	0	0	0	0	0	0	0	0	0	0	0	0	0	0	0	0	0	0	0	
T =>	 0	0	0	0	0	0	0	0	0	0	0	0	0	0	0	0	0	0	0	0	
W =>	 0	0	0	0	0	0	0	0	0	0	0	0	0	0	0	0	0	0	0	0	
Y =>	 0	0	0	0	0	0	0	0	0	0	0	0	0	0	0	0	0	0	0	0	
V =>	 0	0	0	0	0	0	0	0	0	0	0	0	0	0	0	0	0	0	0	0	
